1 0.68359375 0.3109375 0.0265625 0.021875
2 0.58046875 0.23984375 0.0734375 0.05625
2 0.49140625 0.640625 0.0515625 0.0375
0 0.48359375 0.8125 0.034375 0.021875
2 0.46171875 0.609375 0.0453125 0.046875
3 0.459375 0.61796875 0.05625 0.0390625
2 0.453125 0.68203125 0.06875 0.03125
0 0.34453125 0.25 0.040625 0.021875
2 0.34375 0.175 0.028125 0.025
1 0.2890625 0.12265625 0.04375 0.0328125
1 0.25625 0.18984375 0.040625 0.0359375
1 0.23515625 0.2171875 0.0234375 0.015625
0 0.2109375 0.0265625 0.040625 0.028125
1 0.8875 0.4953125 0.0375 0.025
2 0.853125 0.98828125 0.065625 0.0203125
2 0.98125 0.8796875 0.034375 0.04375
0 0.97890625 0.39453125 0.0296875 0.0171875
2 0.740625 0.1125 0.021875 0.0375