1 0.6734375 0.7890625 0.025 0.028125
1 0.65078125 0.82578125 0.0296875 0.0234375
1 0.61796875 0.71171875 0.0640625 0.0390625
1 0.54609375 0.76953125 0.0484375 0.0359375
1 0.46328125 0.8234375 0.0328125 0.021875
2 0.365625 0.47265625 0.05625 0.0484375
2 0.31953125 0.3234375 0.0515625 0.040625
1 0.28984375 0.296875 0.034375 0.03125
2 0.23515625 0.46953125 0.0640625 0.025
1 0.12734375 0.1921875 0.0234375 0.015625
1 0.10703125 0.9453125 0.0578125 0.04375
1 0.021875 0.34453125 0.03125 0.025
1 0.89296875 0.42265625 0.0375 0.034375
1 0.98515625 0.35625 0.0234375 0.01875
1 0.72109375 0.8078125 0.0453125 0.046875