0 0.64453125 0.09375 0.0359375 0.03125
0 0.63359375 0.07109375 0.0296875 0.021875
0 0.61640625 0.22734375 0.034375 0.034375
1 0.61015625 0.19921875 0.05625 0.0515625
1 0.5625 0.08359375 0.04375 0.028125
1 0.55390625 0.30703125 0.0296875 0.0234375
1 0.92734375 0.12734375 0.0375 0.0328125
0 0.15546875 0.5640625 0.0546875 0.03125
0 0.10390625 0.5015625 0.0421875 0.034375
1 0.0765625 0.44765625 0.040625 0.0328125
1 0.0640625 0.53125 0.065625 0.0375
1 0.05703125 0.4921875 0.034375 0.03125
1 0.01796875 0.5078125 0.034375 0.028125