2 0.38125 0.82890625 0.0375 0.0265625
2 0.43125 0.02734375 0.05625 0.0359375
2 0.47421875 0.83359375 0.05625 0.046875
2 0.528125 0.3453125 0.05625 0.03125
2 0.53671875 0.86015625 0.0546875 0.03125
2 0.70390625 0.00859375 0.0578125 0.0171875
0 0.78359375 0.8296875 0.0296875 0.01875
1 0.78984375 0.34375 0.0390625 0.028125
2 0.82578125 0.29375 0.0453125 0.015625
1 0.8265625 0.27578125 0.05 0.028125
2 0.0859375 0.32734375 0.046875 0.0265625
1 0.86796875 0.18828125 0.0328125 0.0203125
1 0.8984375 0.2328125 0.028125 0.021875
2 0.20078125 0.43828125 0.0546875 0.0390625
2 0.02734375 0.53046875 0.0546875 0.040625