1 0.5234375 0.97578125 0.0375 0.0296875
0 0.48125 0.98984375 0.0375 0.0171875
2 0.946875 0.57421875 0.03125 0.0265625
2 0.42578125 0.103125 0.0390625 0.040625
1 0.40390625 0.50234375 0.0578125 0.046875
1 0.91171875 0.16796875 0.0453125 0.0265625
2 0.87734375 0.76640625 0.0328125 0.0203125
2 0.834375 0.1984375 0.04375 0.03125
1 0.8265625 0.8140625 0.04375 0.03125
0 0.784375 0.44140625 0.025 0.0203125
1 0.784375 0.1765625 0.034375 0.015625
1 0.77890625 0.8609375 0.0484375 0.040625
1 0.746875 0.41953125 0.0375 0.0296875
1 0.971875 0.5609375 0.04375 0.028125
1 0.696875 0.415625 0.0625 0.05625
1 0.678125 0.86484375 0.0375 0.0296875