1 0.14453125 0.36328125 0.025 0.0421875
1 0.98203125 0.375 0.034375 0.040625
2 0.25078125 0.05390625 0.0328125 0.03125
0 0.14140625 0.58203125 0.025 0.0359375
2 0.55234375 0.00703125 0.0203125 0.0140625
2 0.8890625 0.71171875 0.03125 0.0390625
2 0.065625 0.796875 0.05625 0.06875
2 0.75703125 0.8203125 0.028125 0.046875
1 0.22421875 0.11015625 0.0296875 0.0390625
2 0.25078125 0.12265625 0.0328125 0.053125
2 0.25234375 0.01328125 0.0296875 0.0265625
1 0.3171875 0.14609375 0.01875 0.025
2 0.428125 0.15625 0.040625 0.040625
2 0.8234375 0.02421875 0.040625 0.0484375
0 0.5109375 0.25234375 0.021875 0.03125
0 0.121875 0.27578125 0.025 0.0328125
0 0.96328125 0.290625 0.0203125 0.025
1 0.49296875 0.296875 0.015625 0.021875
1 0.5046875 0.31328125 0.015625 0.0171875
2 0.4109375 0.3140625 0.015625 0.04375