1 0.034375 0.49140625 0.040625 0.0234375
2 0.38359375 0.4953125 0.0359375 0.03125
1 0.39609375 0.4078125 0.028125 0.028125
2 0.39921875 0.84375 0.0421875 0.040625
1 0.52578125 0.0890625 0.0234375 0.01875
2 0.06796875 0.6609375 0.0625 0.0375
1 0.75234375 0.89453125 0.0296875 0.0265625
0 0.76875 0.54921875 0.025 0.01875
2 0.7875 0.96640625 0.021875 0.03125
2 0.7875 0.90546875 0.040625 0.0375
0 0.0796875 0.51328125 0.028125 0.0234375
1 0.81875 0.909375 0.01875 0.01875
1 0.81953125 0.90703125 0.021875 0.0203125
1 0.846875 0.96328125 0.03125 0.0171875
1 0.84765625 0.96328125 0.028125 0.015625
1 0.01796875 0.4671875 0.0265625 0.01875
2 0.02265625 0.74453125 0.034375 0.0296875