0 0.4015625 0.8828125 0.04375 0.021875
1 0.2875 0.940625 0.03125 0.0375
1 0.2453125 0.1203125 0.053125 0.040625
2 0.9203125 0.27109375 0.059375 0.040625
1 0.1640625 0.08125 0.025 0.025
2 0.15703125 0.04140625 0.0234375 0.0359375
1 0.91171875 0.30078125 0.034375 0.0171875
2 0.9109375 0.12421875 0.06875 0.059375
2 0.9109375 0.021875 0.065625 0.04375
2 0.8953125 0.07890625 0.06875 0.0390625
0 0.9875 0.25859375 0.021875 0.0203125
1 0.865625 0.446875 0.021875 0.01875
2 0.975 0.24296875 0.046875 0.0484375
0 0.74453125 0.53203125 0.028125 0.0265625
0 0.7171875 0.1625 0.04375 0.025