2 0.82890625 0.06328125 0.0171875 0.034375
2 0.1875 0.63828125 0.028125 0.0453125
2 0.9671875 0.68046875 0.028125 0.0421875
2 0.52421875 0.696875 0.0421875 0.05625
2 0.1625 0.70546875 0.028125 0.0484375
1 0.90546875 0.78984375 0.0359375 0.0453125
1 0.43515625 0.83515625 0.028125 0.0265625
1 0.434375 0.8703125 0.03125 0.04375
2 0.83125 0.11328125 0.0375 0.03125
2 0.81953125 0.15703125 0.03125 0.0390625
2 0.83046875 0.19453125 0.0234375 0.025
2 0.19921875 0.2796875 0.0234375 0.040625
2 0.259375 0.3015625 0.03125 0.034375
1 0.53203125 0.3296875 0.0234375 0.034375