1 0.64765625 0.1125 0.0328125 0.025
1 0.61328125 0.9421875 0.0453125 0.03125
2 0.959375 0.88671875 0.040625 0.0359375
2 0.54375 0.2828125 0.06875 0.034375
0 0.4984375 0.1484375 0.034375 0.021875
0 0.40390625 0.96796875 0.034375 0.0390625
1 0.9375 0.46640625 0.0375 0.0390625
1 0.190625 0.6546875 0.025 0.021875
1 0.17578125 0.7046875 0.0515625 0.03125
1 0.1609375 0.74921875 0.034375 0.0234375
2 0.91484375 0.90390625 0.03125 0.0328125
2 0.88828125 0.91953125 0.0390625 0.0390625
1 0.86953125 0.42109375 0.0359375 0.0203125
2 0.86796875 0.9734375 0.0390625 0.028125
2 0.8578125 0.940625 0.040625 0.040625
1 0.7046875 0.89765625 0.025 0.028125