1 0.63671875 0.14453125 0.0421875 0.025
1 0.625 0.98203125 0.040625 0.034375
2 0.94609375 0.25078125 0.03125 0.0328125
0 0.41796875 0.14140625 0.0359375 0.025
2 0.9921875 0.553125 0.0125 0.021875
2 0.28828125 0.8890625 0.0390625 0.03125
2 0.203125 0.065625 0.06875 0.05625
2 0.1796875 0.75703125 0.046875 0.028125
1 0.88984375 0.22421875 0.0390625 0.0296875
2 0.87734375 0.25078125 0.053125 0.0328125
2 0.9859375 0.253125 0.025 0.03125
1 0.85390625 0.3171875 0.025 0.01875
2 0.84375 0.428125 0.040625 0.040625
2 0.975 0.82421875 0.046875 0.0421875
0 0.74765625 0.5109375 0.03125 0.021875
0 0.72421875 0.121875 0.0328125 0.025
0 0.709375 0.96328125 0.025 0.0203125
1 0.703125 0.49296875 0.021875 0.015625
1 0.68671875 0.5046875 0.0171875 0.015625
2 0.6859375 0.4109375 0.04375 0.015625