2 0.98671875 0.3671875 0.0234375 0.040625
1 0.246875 0.37265625 0.01875 0.025
2 0.96015625 0.38359375 0.0515625 0.0421875
1 0.5296875 0.5984375 0.01875 0.028125
1 0.55390625 0.634375 0.028125 0.034375
2 0.553125 0.678125 0.05 0.053125
0 0.503125 0.684375 0.025 0.03125
2 0.16015625 0.70234375 0.0578125 0.053125
2 0.02421875 0.771875 0.040625 0.046875
1 0.090625 0.80625 0.03125 0.034375
1 0.0234375 0.81953125 0.028125 0.034375
1 0.79453125 0.18828125 0.040625 0.0421875
1 0.85078125 0.0265625 0.0234375 0.040625
2 0.496875 0.2734375 0.0375 0.034375