1 0.31640625 0.6890625 0.0265625 0.021875
2 0.41953125 0.76015625 0.0734375 0.05625
2 0.50859375 0.359375 0.0515625 0.0375
0 0.51640625 0.1875 0.034375 0.021875
2 0.53828125 0.390625 0.0453125 0.046875
3 0.540625 0.38203125 0.05625 0.0390625
2 0.546875 0.31796875 0.06875 0.03125
0 0.65546875 0.75 0.040625 0.021875
2 0.65625 0.825 0.028125 0.025
1 0.7109375 0.87734375 0.04375 0.0328125
1 0.74375 0.81015625 0.040625 0.0359375
1 0.76484375 0.7828125 0.0234375 0.015625
0 0.7890625 0.9734375 0.040625 0.028125
1 0.1125 0.5046875 0.0375 0.025
2 0.146875 0.01171875 0.065625 0.0203125
2 0.01796875 0.12109375 0.0359375 0.0421875
0 0.02109375 0.60546875 0.0296875 0.0171875
2 0.259375 0.8875 0.021875 0.0359375