0 0.35546875 0.90625 0.0359375 0.03125
0 0.36640625 0.92890625 0.0296875 0.021875
0 0.38359375 0.77265625 0.034375 0.034375
1 0.38984375 0.80078125 0.05625 0.0515625
1 0.4375 0.91640625 0.04375 0.028125
1 0.44609375 0.69296875 0.0296875 0.0234375
1 0.07265625 0.87265625 0.0375 0.0328125
0 0.84453125 0.4359375 0.0546875 0.03125
0 0.89609375 0.4984375 0.0421875 0.034375
1 0.9234375 0.55234375 0.040625 0.0328125
1 0.9359375 0.46875 0.065625 0.0375
1 0.94296875 0.5078125 0.034375 0.03125
1 0.98203125 0.4921875 0.034375 0.028125