1 0.3546875 0.428125 0.0375 0.025
0 0.37890625 0.69609375 0.034375 0.0359375
1 0.3890625 0.0734375 0.021875 0.025
1 0.4625 0.096875 0.03125 0.03125
2 0.4796875 0.55390625 0.040625 0.0484375
1 0.5328125 0.04296875 0.040625 0.034375
1 0.590625 0.57890625 0.04375 0.028125
1 0.08046875 0.025 0.0359375 0.0375
1 0.8078125 0.56328125 0.040625 0.034375
1 0.81484375 0.353125 0.0515625 0.0375
1 0.81875 0.41640625 0.028125 0.025
1 0.915625 0.7203125 0.040625 0.028125
0 0.915625 0.5734375 0.053125 0.034375
0 0.92109375 0.68203125 0.0390625 0.0234375
0 0.10234375 0.5765625 0.0296875 0.025
0 0.1109375 0.49921875 0.034375 0.0359375
1 0.1265625 0.4734375 0.034375 0.034375
1 0.13125 0.47421875 0.0375 0.0265625
0 0.1375 0.496875 0.03125 0.03125
1 0.1609375 0.45625 0.034375 0.04375
1 0.0171875 0.0234375 0.034375 0.03125
1 0.20546875 0.51484375 0.0546875 0.0546875
0 0.21171875 0.4265625 0.0390625 0.03125
2 0.228125 0.490625 0.0625 0.05
2 0.02734375 0.50390625 0.0546875 0.0515625
1 0.26875 0.3859375 0.028125 0.04375
1 0.28125 0.48984375 0.04375 0.0265625
1 0.28828125 0.38125 0.0234375 0.0375
0 0.28828125 0.22734375 0.04375 0.0296875