1 0.6453125 0.571875 0.0375 0.025
0 0.62109375 0.30390625 0.034375 0.0359375
1 0.6109375 0.9265625 0.021875 0.025
1 0.5375 0.903125 0.03125 0.03125
2 0.5203125 0.44609375 0.040625 0.0484375
1 0.4671875 0.95703125 0.040625 0.034375
1 0.409375 0.42109375 0.04375 0.028125
1 0.91953125 0.975 0.0359375 0.0375
1 0.1921875 0.43671875 0.040625 0.034375
1 0.18515625 0.646875 0.0515625 0.0375
1 0.18125 0.58359375 0.028125 0.025
1 0.084375 0.2796875 0.040625 0.028125
0 0.084375 0.4265625 0.053125 0.034375
0 0.07890625 0.31796875 0.0390625 0.0234375
0 0.89765625 0.4234375 0.0296875 0.025
0 0.8890625 0.50078125 0.034375 0.0359375
1 0.8734375 0.5265625 0.034375 0.034375
1 0.86875 0.52578125 0.0375 0.0265625
0 0.8625 0.503125 0.03125 0.03125
1 0.8390625 0.54375 0.034375 0.04375
1 0.98203125 0.97734375 0.0328125 0.0328125
1 0.79453125 0.48515625 0.0546875 0.0546875
0 0.78828125 0.5734375 0.0390625 0.03125
2 0.771875 0.509375 0.0625 0.05
2 0.971875 0.496875 0.053125 0.053125
1 0.73125 0.6140625 0.028125 0.04375
1 0.71875 0.51015625 0.04375 0.0265625
1 0.71171875 0.61875 0.0234375 0.0375
0 0.71171875 0.77265625 0.04375 0.0296875