1 0.02890625 0.51171875 0.0578125 0.0359375
1 0.3015625 0.1015625 0.065625 0.0375
1 0.33515625 0.16171875 0.0421875 0.0328125
1 0.3609375 0.75625 0.03125 0.028125
1 0.390625 0.4453125 0.0375 0.028125
1 0.39375 0.47421875 0.05 0.025
1 0.4421875 0.55625 0.034375 0.03125
1 0.4484375 0.63203125 0.0375 0.0265625
1 0.49140625 0.6875 0.0421875 0.025
0 0.52890625 0.6640625 0.0421875 0.028125
1 0.53828125 0.61328125 0.034375 0.0328125
1 0.7953125 0.30078125 0.046875 0.0421875
1 0.825 0.5859375 0.04375 0.03125
1 0.83828125 0.38125 0.0421875 0.028125
2 0.85234375 0.984375 0.0671875 0.028125
1 0.09140625 0.4625 0.0515625 0.046875
1 0.9765625 0.78359375 0.04375 0.0359375
0 0.98203125 0.74453125 0.0328125 0.0328125
1 0.0109375 0.09375 0.021875 0.0375
2 0.2109375 0.53203125 0.05 0.0359375
0 0.275 0.4515625 0.046875 0.028125
1 0.28125 0.40703125 0.059375 0.0546875