1 0.9703125 0.4890625 0.05625 0.0375
1 0.6984375 0.8984375 0.065625 0.0375
1 0.66484375 0.83828125 0.0421875 0.0328125
1 0.6390625 0.24375 0.03125 0.028125
1 0.609375 0.5546875 0.0375 0.028125
1 0.60625 0.52578125 0.05 0.025
1 0.5578125 0.44375 0.034375 0.03125
1 0.5515625 0.36796875 0.0375 0.0265625
1 0.50859375 0.3125 0.0421875 0.025
0 0.47109375 0.3359375 0.0421875 0.028125
1 0.46171875 0.38671875 0.034375 0.0328125
1 0.2046875 0.69921875 0.046875 0.0421875
1 0.175 0.4140625 0.04375 0.03125
1 0.16171875 0.61875 0.0421875 0.028125
2 0.1484375 0.01484375 0.065625 0.0296875
1 0.90859375 0.5375 0.0515625 0.046875
1 0.0234375 0.21640625 0.04375 0.0359375
0 0.0171875 0.25625 0.034375 0.03125
1 0.98828125 0.90703125 0.0203125 0.0390625
2 0.7890625 0.46796875 0.05 0.0359375
0 0.725 0.5484375 0.046875 0.028125
1 0.71875 0.59296875 0.059375 0.0546875