1 0.4765625 0.02421875 0.0375 0.0296875
0 0.51875 0.01015625 0.0375 0.0171875
2 0.053125 0.42578125 0.03125 0.0265625
2 0.57421875 0.896875 0.0390625 0.040625
1 0.59609375 0.49765625 0.0578125 0.046875
1 0.08828125 0.83203125 0.0453125 0.0265625
2 0.12265625 0.23359375 0.0328125 0.0203125
2 0.165625 0.8015625 0.04375 0.03125
1 0.1734375 0.1859375 0.04375 0.03125
0 0.215625 0.55859375 0.025 0.0203125
1 0.215625 0.8234375 0.034375 0.015625
1 0.22109375 0.1390625 0.0484375 0.040625
1 0.253125 0.58046875 0.0375 0.0296875
1 0.028125 0.4390625 0.04375 0.028125
1 0.303125 0.584375 0.0625 0.05625
1 0.321875 0.13515625 0.0375 0.0296875