2 0.17109375 0.38125 0.0265625 0.0375
2 0.97265625 0.43125 0.0359375 0.05625
2 0.16640625 0.47421875 0.046875 0.05625
2 0.6546875 0.528125 0.03125 0.05625
2 0.13984375 0.53671875 0.03125 0.0546875
2 0.990625 0.7046875 0.015625 0.059375
0 0.1703125 0.78359375 0.01875 0.0296875
1 0.65625 0.78984375 0.028125 0.0390625
2 0.70625 0.82578125 0.015625 0.0453125
1 0.72421875 0.8265625 0.028125 0.05
2 0.67265625 0.0859375 0.0265625 0.046875
1 0.81171875 0.86796875 0.0203125 0.0328125
1 0.7671875 0.8984375 0.021875 0.028125
2 0.56171875 0.20078125 0.0390625 0.0546875
2 0.46953125 0.02734375 0.040625 0.0546875