1 0.1125 0.35234375 0.025 0.0328125
1 0.9421875 0.38671875 0.03125 0.0453125
2 0.88671875 0.040625 0.0359375 0.040625
2 0.2828125 0.45625 0.034375 0.06875
0 0.1484375 0.5015625 0.021875 0.034375
0 0.96796875 0.59609375 0.0390625 0.034375
1 0.46640625 0.0625 0.0390625 0.0375
1 0.6546875 0.809375 0.021875 0.025
1 0.7046875 0.82421875 0.03125 0.0515625
1 0.74921875 0.8390625 0.0234375 0.034375
2 0.90390625 0.08515625 0.0328125 0.03125
2 0.91953125 0.11171875 0.0390625 0.0390625
1 0.42109375 0.13046875 0.0203125 0.0359375
2 0.9734375 0.13203125 0.028125 0.0390625
2 0.940625 0.1421875 0.040625 0.040625
1 0.89765625 0.2953125 0.028125 0.025