1 0.965625 0.50859375 0.040625 0.0234375
2 0.61640625 0.5046875 0.0359375 0.03125
1 0.60390625 0.5921875 0.028125 0.028125
2 0.60078125 0.15625 0.0421875 0.040625
1 0.47421875 0.9109375 0.0234375 0.01875
2 0.93203125 0.3390625 0.0625 0.0375
1 0.24765625 0.10546875 0.0296875 0.0265625
0 0.23125 0.45078125 0.025 0.01875
2 0.2125 0.03359375 0.021875 0.03125
2 0.2125 0.09453125 0.040625 0.0375
0 0.9203125 0.48671875 0.028125 0.0234375
1 0.18125 0.090625 0.01875 0.01875
1 0.18046875 0.09296875 0.021875 0.0203125
1 0.153125 0.03671875 0.03125 0.0171875
1 0.15234375 0.03671875 0.028125 0.015625
1 0.98203125 0.5328125 0.0265625 0.01875
2 0.97734375 0.25546875 0.034375 0.0296875