0 0.8828125 0.5984375 0.021875 0.04375
1 0.940625 0.7125 0.0375 0.03125
1 0.1203125 0.7546875 0.040625 0.053125
2 0.27109375 0.0796875 0.040625 0.059375
1 0.08125 0.8359375 0.025 0.025
2 0.04140625 0.84296875 0.0359375 0.0234375
1 0.30078125 0.08828125 0.0171875 0.034375
2 0.12421875 0.0890625 0.059375 0.06875
2 0.021875 0.0890625 0.04375 0.065625
2 0.07890625 0.1046875 0.0390625 0.06875
0 0.25859375 0.01171875 0.01875 0.0234375
1 0.446875 0.134375 0.01875 0.021875
2 0.2421875 0.02421875 0.046875 0.0484375
0 0.53203125 0.25546875 0.0265625 0.028125
0 0.1625 0.2828125 0.025 0.04375