1 0.96171875 0.25234375 0.0328125 0.0296875
1 0.290625 0.88984375 0.04375 0.0390625
2 0.24921875 0.1328125 0.0484375 0.046875
2 0.1578125 0.07421875 0.040625 0.0421875
2 0.90703125 0.25546875 0.0421875 0.028125
1 0.87421875 0.24609375 0.0203125 0.0203125
1 0.87265625 0.2734375 0.0421875 0.021875
2 0.84921875 0.2828125 0.0421875 0.03125
2 0.84921875 0.06015625 0.059375 0.0359375
2 0.84765625 0.309375 0.0421875 0.01875
2 0.83828125 0.10546875 0.05625 0.0328125
1 0.821875 0.44609375 0.021875 0.0265625
2 0.98046875 0.54765625 0.0359375 0.0234375
1 0.67109375 0.43203125 0.053125 0.0265625
0 0.6703125 0.9828125 0.025 0.01875