1 0.50859375 0.034375 0.0234375 0.040625
2 0.5046875 0.38359375 0.03125 0.0359375
1 0.5921875 0.39609375 0.028125 0.028125
2 0.15625 0.39921875 0.040625 0.0421875
1 0.9109375 0.52578125 0.01875 0.0234375
2 0.3390625 0.06796875 0.0375 0.0625
1 0.10546875 0.75234375 0.0265625 0.0296875
0 0.45078125 0.76875 0.01875 0.025
2 0.03359375 0.7875 0.03125 0.021875
2 0.09453125 0.7875 0.0375 0.040625
0 0.48671875 0.0796875 0.0234375 0.028125
1 0.090625 0.81875 0.01875 0.01875
1 0.09296875 0.81953125 0.0203125 0.021875
1 0.03671875 0.846875 0.0171875 0.03125
1 0.03671875 0.84765625 0.015625 0.028125
1 0.5328125 0.01796875 0.01875 0.0265625
2 0.25546875 0.02265625 0.0296875 0.034375