1 0.36328125 0.85546875 0.0421875 0.025
1 0.375 0.01796875 0.040625 0.034375
2 0.05390625 0.74921875 0.03125 0.0328125
0 0.58203125 0.85859375 0.0359375 0.025
2 0.00703125 0.44765625 0.0140625 0.0203125
2 0.71171875 0.1109375 0.0390625 0.03125
2 0.796875 0.934375 0.06875 0.05625
2 0.8203125 0.24296875 0.046875 0.028125
1 0.11015625 0.77578125 0.0390625 0.0296875
2 0.12265625 0.74921875 0.053125 0.0328125
2 0.01328125 0.74765625 0.0265625 0.0296875
1 0.14609375 0.6828125 0.025 0.01875
2 0.15625 0.571875 0.040625 0.040625
2 0.02421875 0.1765625 0.0484375 0.040625
0 0.25234375 0.4890625 0.03125 0.021875
0 0.27578125 0.878125 0.0328125 0.025
0 0.290625 0.03671875 0.025 0.0203125
1 0.296875 0.50703125 0.021875 0.015625
1 0.31328125 0.4953125 0.0171875 0.015625
2 0.3140625 0.5890625 0.04375 0.015625