1 0.03828125 0.74765625 0.0328125 0.0296875
1 0.709375 0.11015625 0.04375 0.0390625
2 0.75078125 0.8671875 0.0484375 0.046875
2 0.8421875 0.92578125 0.040625 0.0421875
2 0.09296875 0.74453125 0.0421875 0.028125
1 0.12578125 0.75390625 0.0203125 0.0203125
1 0.12734375 0.7265625 0.0421875 0.021875
2 0.15078125 0.7171875 0.0421875 0.03125
2 0.15078125 0.93984375 0.059375 0.0359375
2 0.15234375 0.690625 0.0421875 0.0203125
2 0.16171875 0.89453125 0.05625 0.0328125
1 0.178125 0.55390625 0.021875 0.0265625
2 0.01875 0.453125 0.0375 0.021875
1 0.32890625 0.56796875 0.053125 0.0265625
0 0.3296875 0.0171875 0.025 0.01875