2 0.6328125 0.98671875 0.040625 0.0234375
1 0.62734375 0.246875 0.025 0.01875
2 0.61640625 0.96015625 0.0421875 0.0515625
1 0.4015625 0.5296875 0.028125 0.01875
1 0.365625 0.55390625 0.034375 0.028125
2 0.321875 0.553125 0.053125 0.05
0 0.315625 0.503125 0.03125 0.025
2 0.29765625 0.16015625 0.053125 0.0578125
2 0.228125 0.02421875 0.046875 0.040625
1 0.19375 0.090625 0.034375 0.03125
1 0.18046875 0.0234375 0.034375 0.028125
1 0.81171875 0.79453125 0.0421875 0.040625
1 0.9734375 0.85078125 0.040625 0.0234375
2 0.7265625 0.496875 0.034375 0.0375