1 0.6125 0.71640625 0.05625 0.03125
2 0.559375 0.24453125 0.05625 0.0390625
2 0.9546875 0.11484375 0.053125 0.0390625
1 0.9546875 0.21015625 0.028125 0.0203125
0 0.5375 0.434375 0.01875 0.01875
2 0.53671875 0.1984375 0.05625 0.0375
1 0.52578125 0.45625 0.0390625 0.01875
1 0.5125 0.621875 0.03125 0.025
1 0.95078125 0.1515625 0.053125 0.03125
1 0.946875 0.153125 0.05 0.03125
1 0.2734375 0.0109375 0.046875 0.021875
1 0.19375 0.05859375 0.053125 0.0421875
1 0.18125 0.3984375 0.046875 0.040625
1 0.14375 0.01171875 0.03125 0.0234375
1 0.13125 0.4796875 0.05625 0.03125
1 0.128125 0.50390625 0.034375 0.0171875
0 0.1203125 0.83515625 0.028125 0.021875
1 0.11328125 0.87265625 0.0484375 0.0265625
1 0.1078125 0.41875 0.053125 0.040625
1 0.08671875 0.3890625 0.040625 0.021875
2 0.86171875 0.7328125 0.0609375 0.046875
2 0.78828125 0.70703125 0.0328125 0.0296875
2 0.73125 0.70546875 0.03125 0.0265625
2 0.971875 0.15234375 0.053125 0.0453125