2 0.06328125 0.17109375 0.034375 0.0171875
2 0.63828125 0.8125 0.0453125 0.028125
2 0.68046875 0.0328125 0.0421875 0.028125
2 0.696875 0.47578125 0.05625 0.0421875
2 0.70546875 0.8375 0.0484375 0.028125
1 0.78984375 0.09453125 0.0453125 0.0359375
1 0.83515625 0.56484375 0.0265625 0.028125
1 0.8703125 0.565625 0.04375 0.03125
2 0.11328125 0.16875 0.03125 0.0375
2 0.15703125 0.18046875 0.0390625 0.03125
2 0.19453125 0.16953125 0.025 0.0234375
2 0.2796875 0.80078125 0.040625 0.0234375
2 0.3015625 0.740625 0.034375 0.03125
1 0.3296875 0.46796875 0.034375 0.0234375