2 0.93671875 0.82890625 0.034375 0.0171875
2 0.36171875 0.1875 0.0453125 0.028125
2 0.31953125 0.9671875 0.0421875 0.028125
2 0.303125 0.52421875 0.05625 0.0421875
2 0.29453125 0.1625 0.0484375 0.028125
1 0.21015625 0.90546875 0.0453125 0.0359375
1 0.16484375 0.43515625 0.0265625 0.028125
1 0.1296875 0.434375 0.04375 0.03125
2 0.88671875 0.83125 0.03125 0.0375
2 0.84296875 0.81953125 0.0390625 0.03125
2 0.80546875 0.83046875 0.025 0.0234375
2 0.7203125 0.19921875 0.040625 0.0234375
2 0.6984375 0.259375 0.034375 0.03125
1 0.6703125 0.53203125 0.034375 0.0234375