0 0.3109375 0.31640625 0.022265625 0.026953125
0 0.23984375 0.41953125 0.05625 0.073046875
0 0.640625 0.50859375 0.03828125 0.051171875
0 0.8125 0.51640625 0.022265625 0.034375
0 0.609375 0.53828125 0.047265625 0.045703125
0 0.61796875 0.540625 0.0390625 0.05625
0 0.68203125 0.546875 0.03125 0.069140625
0 0.25 0.65546875 0.021875 0.040625
0 0.175 0.65625 0.025390625 0.027734375
0 0.12265625 0.7109375 0.0328125 0.044140625
0 0.18984375 0.74375 0.0359375 0.040625
0 0.2171875 0.76484375 0.01640625 0.023828125
0 0.0265625 0.7890625 0.028125 0.04140625
0 0.4953125 0.1125 0.025390625 0.03828125
0 0.98828125 0.146875 0.0203125 0.065625
0 0.87890625 0.01796875 0.0421875 0.0359375
0 0.39453125 0.02109375 0.0171875 0.030078125
0 0.1125 0.259375 0.03671875 0.021875
