0 0.7890625 0.3265625 0.028125 0.024609375
0 0.82578125 0.34921875 0.023046875 0.030078125
0 0.71171875 0.38203125 0.039453125 0.063671875
0 0.76953125 0.45390625 0.036328125 0.048046875
0 0.8234375 0.53671875 0.021484375 0.032421875
0 0.47265625 0.634375 0.0484375 0.05625
0 0.3234375 0.68046875 0.040234375 0.051171875
0 0.296875 0.71015625 0.030859375 0.034375
0 0.46953125 0.76484375 0.025 0.064453125
0 0.1921875 0.87265625 0.016015625 0.0234375
0 0.9453125 0.89296875 0.043359375 0.0578125
0 0.34453125 0.978125 0.025 0.031640625
0 0.42265625 0.10703125 0.034375 0.0375
0 0.35625 0.01484375 0.019140625 0.023828125
0 0.8078125 0.27890625 0.04609375 0.045703125
