0 0.36875 0.29453125 0.025 0.044921875
0 0.21171875 0.31640625 0.023046875 0.044921875
0 0.04296875 0.32421875 0.0203125 0.0375
0 0.484375 0.3359375 0.025390625 0.031640625
0 0.06875 0.38515625 0.021875 0.029296875
0 0.16875 0.38984375 0.04296875 0.064453125
0 0.20234375 0.434375 0.019921875 0.027734375
0 0.984375 0.43984375 0.021484375 0.045703125
0 0.66015625 0.47265625 0.05625 0.0828125
0 0.5109375 0.66171875 0.03125 0.0421875
0 0.43359375 0.78984375 0.028125 0.045703125
0 0.9484375 0.23359375 0.025 0.0359375
