0 0.09375 0.35546875 0.030859375 0.0359375
0 0.07109375 0.36640625 0.021875 0.029296875
0 0.22734375 0.38359375 0.034375 0.034375
0 0.19921875 0.38984375 0.051171875 0.05625
0 0.08359375 0.4375 0.028125 0.04296875
0 0.30703125 0.44609375 0.0234375 0.030078125
0 0.12734375 0.07265625 0.0328125 0.0375
0 0.5640625 0.84453125 0.03125 0.0546875
0 0.5015625 0.89609375 0.034375 0.0421875
0 0.44765625 0.9234375 0.032421875 0.04140625
0 0.53125 0.9359375 0.03671875 0.066015625
0 0.4921875 0.94296875 0.03125 0.034375
0 0.5078125 0.98203125 0.02890625 0.034375
