0 0.571875 0.3546875 0.025 0.0375
0 0.30390625 0.37890625 0.0359375 0.034375
0 0.9265625 0.3890625 0.025390625 0.02265625
0 0.903125 0.4625 0.031640625 0.030859375
0 0.44609375 0.4796875 0.048046875 0.03984375
0 0.95703125 0.5328125 0.034375 0.04140625
0 0.42109375 0.590625 0.028125 0.044140625
0 0.975 0.08046875 0.037109375 0.0359375
0 0.43671875 0.8078125 0.034375 0.03984375
0 0.646875 0.81484375 0.03828125 0.051953125
0 0.58359375 0.81875 0.025 0.028515625
0 0.2796875 0.915625 0.027734375 0.040625
0 0.4265625 0.915625 0.034375 0.052734375
0 0.31796875 0.92109375 0.023046875 0.0390625
0 0.4234375 0.10234375 0.025390625 0.030078125
0 0.50078125 0.1109375 0.0359375 0.033984375
0 0.5265625 0.1265625 0.034765625 0.033984375
0 0.52578125 0.13125 0.026953125 0.03828125
0 0.503125 0.1375 0.03125 0.031640625
0 0.54375 0.1609375 0.04296875 0.03515625
0 0.9765625 0.0171875 0.03125 0.034375
0 0.48515625 0.20546875 0.055078125 0.0546875
0 0.5734375 0.21171875 0.031640625 0.0390625
0 0.509375 0.228125 0.05 0.0625
0 0.49609375 0.02734375 0.0515625 0.0546875
0 0.6140625 0.26875 0.044140625 0.028515625
0 0.51015625 0.28125 0.026171875 0.044140625
0 0.61875 0.28828125 0.03828125 0.0234375
0 0.77265625 0.28828125 0.030078125 0.04375
