0 0.03984375 0.44453125 0.026953125 0.0359375
0 0.23828125 0.45546875 0.036328125 0.029296875
0 0.30078125 0.4921875 0.026171875 0.04375
0 0.07734375 0.49921875 0.026171875 0.0375
0 0.17578125 0.50625 0.033203125 0.069140625
0 0.18984375 0.57578125 0.021875 0.034375
0 0.0359375 0.071875 0.027734375 0.033984375
0 0.51015625 0.93671875 0.05 0.070703125
0 0.56640625 0.9875 0.0296875 0.024609375
0 0.859375 0.11015625 0.03125 0.029296875
0 0.54296875 0.134375 0.019921875 0.028515625
0 0.35390625 0.24296875 0.0234375 0.034375
